SM:2023-05-09T09:03:28.7642437Z
LM:2023-05-09T09:44:52.4016094Z
CT:image/jpeg
MA:2592000
CL:385019
