SM:2023-05-05T10:19:41.3379177Z
LM:2023-05-05T10:22:24.0992730Z
CT:image/jpeg
MA:2592000
CL:369348
