SM:2023-05-09T09:04:05.3727856Z
LM:2023-05-10T03:47:36.3610433Z
CT:image/jpeg
MA:2592000
CL:391920
