SM:2023-05-09T09:03:28.7692438Z
LM:2023-05-09T09:48:02.1820591Z
CT:image/jpeg
MA:2592000
CL:520310
