SM:2023-05-02T08:57:03.8015039Z
LM:2023-05-02T08:58:10.6156365Z
CT:image/jpeg
MA:2592000
CL:26525
