SM:2023-05-09T09:04:05.3737847Z
LM:2023-05-09T09:04:05.5080852Z
CT:image/jpeg
MA:2592000
CL:109901
