SM:2023-05-05T10:19:41.3404652Z
LM:2023-05-05T10:19:41.8117298Z
CT:image/jpeg
MA:2592000
CL:81198
