SM:2023-05-02T08:57:03.8930292Z
LM:2023-05-02T08:58:10.6155810Z
CT:image/jpeg
MA:2592000
CL:8300
