SM:2023-05-02T08:57:03.8520220Z
LM:2023-05-02T08:57:12.9219381Z
CT:image/jpeg
MA:2592000
CL:22237
