SM:2023-05-02T08:57:03.8930292Z
LM:2023-05-02T08:57:13.1068134Z
CT:image/jpeg
MA:2592000
CL:30696
