SM:2023-05-02T08:57:03.8300194Z
LM:2023-05-02T08:57:12.5731145Z
CT:image/jpeg
MA:2592000
CL:12153
