SM:2023-05-02T08:57:03.8230207Z
LM:2023-05-02T08:58:10.7473744Z
CT:image/jpeg
MA:2592000
CL:24278
