SM:2023-05-09T09:04:50.2869868Z
LM:2023-05-09T09:04:50.3782365Z
CT:image/jpeg
MA:2592000
CL:81777
