SM:2023-05-09T09:03:28.7662424Z
LM:2023-05-09T09:50:09.1496466Z
CT:image/jpeg
MA:2592000
CL:409157
