SM:2023-05-09T09:02:26.6527197Z
LM:2023-05-09T10:24:59.5316692Z
CT:image/jpeg
MA:2592000
CL:87808
