SM:2023-05-02T08:57:03.8730234Z
LM:2023-05-02T08:57:12.0410988Z
CT:image/jpeg
MA:2592000
CL:38126
