SM:2023-05-02T08:57:03.9085530Z
LM:2023-05-02T08:58:11.0392619Z
CT:image/jpeg
MA:2592000
CL:19583
