SM:2023-05-09T09:04:50.3000035Z
LM:2023-05-09T10:13:27.8735501Z
CT:image/jpeg
MA:2592000
CL:509996
