SM:2023-05-02T08:57:03.8230207Z
LM:2023-05-02T08:57:12.5629953Z
CT:image/jpeg
MA:2592000
CL:13487
