SM:2023-05-02T08:57:03.8980313Z
LM:2023-05-02T08:57:12.4493664Z
CT:image/jpeg
MA:2592000
CL:22586
