SM:2023-05-09T09:04:50.2869868Z
LM:2023-05-09T10:47:54.7984479Z
CT:image/jpeg
MA:2592000
CL:423104
