SM:2023-05-02T08:57:03.8980313Z
LM:2023-05-02T08:57:13.0892381Z
CT:image/jpeg
MA:2592000
CL:21661
