SM:2023-05-02T08:57:03.8980313Z
LM:2023-05-05T09:36:28.0507546Z
CT:image/jpeg
MA:2592000
CL:22586
