SM:2023-05-02T08:57:03.9050326Z
LM:2023-05-12T02:38:06.6780286Z
CT:image/jpeg
MA:2592000
CL:47263
