SM:2023-05-09T09:03:28.7662424Z
LM:2023-05-09T09:03:29.2402311Z
CT:image/jpeg
MA:2592000
CL:62930
