SM:2023-05-02T08:57:03.8520220Z
LM:2023-05-02T08:58:10.4929844Z
CT:image/jpeg
MA:2592000
CL:6436
