SM:2023-05-09T09:04:05.3417808Z
LM:2023-05-09T09:04:05.4794859Z
CT:image/jpeg
MA:2592000
CL:94114
