SM:2023-05-02T08:57:03.9105518Z
LM:2023-05-02T08:58:11.0337190Z
CT:image/jpeg
MA:2592000
CL:18260
