SM:2023-05-02T08:57:03.9010306Z
LM:2023-05-02T08:57:13.1014453Z
CT:image/jpeg
MA:2592000
CL:36866
