SM:2023-05-09T09:02:26.6527197Z
LM:2023-05-09T09:02:27.5053360Z
CT:image/jpeg
MA:2592000
CL:15677
