SM:2023-05-05T10:19:41.3329197Z
LM:2023-05-05T10:19:41.6020663Z
CT:image/jpeg
MA:2592000
CL:48729
