SM:2023-05-05T10:19:41.3329197Z
LM:2023-05-05T10:22:23.6277257Z
CT:image/jpeg
MA:2592000
CL:222150
