SM:2023-05-02T08:57:03.8300194Z
LM:2023-05-02T08:58:10.8092564Z
CT:image/jpeg
MA:2592000
CL:21978
