SM:2023-05-09T09:04:05.3727856Z
LM:2023-05-09T09:04:05.5132375Z
CT:image/jpeg
MA:2592000
CL:106385
