SM:2023-05-09T09:04:50.3000035Z
LM:2023-05-09T09:04:50.4182773Z
CT:image/jpeg
MA:2592000
CL:94249
