SM:2023-05-02T08:57:03.8850232Z
LM:2023-05-02T08:58:10.5009635Z
CT:image/jpeg
MA:2592000
CL:6792
