SM:2023-05-02T08:57:03.8210193Z
LM:2023-05-02T08:58:10.6622932Z
CT:image/jpeg
MA:2592000
CL:13911
