SM:2023-05-05T10:19:41.3404652Z
LM:2023-05-05T10:22:24.2240504Z
CT:image/jpeg
MA:2592000
CL:487349
