SM:2023-05-02T08:57:03.8015039Z
LM:2023-05-02T08:57:12.4791055Z
CT:image/jpeg
MA:2592000
CL:14965
