SM:2023-05-02T08:57:03.9105518Z
LM:2023-05-02T08:57:12.7417640Z
CT:image/jpeg
MA:2592000
CL:18260
