SM:2023-05-02T08:57:03.9010306Z
LM:2023-05-02T08:58:10.6171530Z
CT:image/jpeg
MA:2592000
CL:9919
