SM:2023-05-02T08:57:03.9085530Z
LM:2023-05-02T08:57:12.7434906Z
CT:image/jpeg
MA:2592000
CL:19583
