SM:2023-05-02T08:57:03.8210193Z
LM:2023-05-02T08:57:12.5382936Z
CT:image/jpeg
MA:2592000
CL:8504
