SM:2023-05-09T09:03:28.7642437Z
LM:2023-05-09T09:03:29.1755803Z
CT:image/jpeg
MA:2592000
CL:67077
