SM:2023-05-02T08:57:03.9050326Z
LM:2023-05-02T08:58:10.8736613Z
CT:image/jpeg
MA:2592000
CL:13019
