SM:2023-05-05T06:59:42.7474215Z
LM:2023-05-05T06:59:43.9642107Z
CT:image/jpeg
MA:2592000
CL:29198
